200
(
(0.000000 (0.000000 0.000000 0.000000))
(0.003015 (0.000000 0.000000 0.000000))
(0.006030 (0.000000 0.000000 0.000000))
(0.009045 (0.000000 0.000000 0.000000))
(0.012060 (0.000000 0.000000 0.000000))
(0.015075 (0.000000 0.000000 0.000000))
(0.018090 (0.000000 0.000000 0.000000))
(0.021106 (0.000000 0.000000 0.000000))
(0.024121 (0.000000 0.000000 0.000000))
(0.027136 (0.000000 0.000000 0.000000))
(0.030151 (0.000000 0.000000 0.000000))
(0.033166 (0.000000 0.000000 0.000000))
(0.036181 (0.000000 0.000000 0.000000))
(0.039196 (0.000000 0.000000 0.000000))
(0.042211 (0.000000 0.000000 0.000000))
(0.045226 (0.000000 0.000000 0.000000))
(0.048241 (0.000000 0.000000 0.000000))
(0.051256 (0.000000 0.000000 0.000000))
(0.054271 (0.000000 0.000000 0.000000))
(0.057286 (0.000000 0.000000 0.000000))
(0.060302 (0.000000 0.000000 0.000000))
(0.063317 (0.000000 0.000000 0.000000))
(0.066332 (0.000000 0.000000 0.000000))
(0.069347 (0.000000 0.000000 0.000000))
(0.072362 (0.000000 0.000000 0.000000))
(0.075377 (0.000000 0.000000 0.000000))
(0.078392 (0.000000 0.000000 0.000000))
(0.081407 (0.000000 0.000000 0.000000))
(0.084422 (0.000000 0.000000 0.000000))
(0.087437 (0.000000 0.000000 0.000000))
(0.090452 (0.000000 0.000000 0.000000))
(0.093467 (0.000000 0.000000 0.000000))
(0.096482 (0.000000 0.000000 0.000000))
(0.099497 (0.000000 0.000000 0.000000))
(0.102513 (0.000000 0.000000 0.000000))
(0.105528 (0.000000 0.000000 0.000000))
(0.108543 (0.000000 0.000000 0.000000))
(0.111558 (0.000000 0.000000 0.000000))
(0.114573 (0.000000 0.000000 0.000000))
(0.117588 (0.000000 0.000000 0.000000))
(0.120603 (0.000000 0.000000 0.000000))
(0.123618 (0.000000 0.000000 0.000000))
(0.126633 (0.000000 0.000000 0.000000))
(0.129648 (0.000000 0.000000 0.000000))
(0.132663 (0.000000 0.000000 0.000000))
(0.135678 (0.000000 0.000000 0.000000))
(0.138693 (0.000000 0.000000 0.000000))
(0.141709 (0.000000 0.000000 0.000000))
(0.144724 (0.000000 0.000000 0.000000))
(0.147739 (0.000000 0.000000 0.000000))
(0.150754 (0.000000 0.000000 0.000000))
(0.153769 (0.000000 0.000000 0.000000))
(0.156784 (0.000000 0.000000 0.000000))
(0.159799 (0.000000 0.000000 0.000000))
(0.162814 (0.000000 0.000000 0.000000))
(0.165829 (0.000000 0.000000 0.000000))
(0.168844 (0.000000 0.000000 0.000000))
(0.171859 (0.000000 0.000000 0.000000))
(0.174874 (0.000000 0.000000 0.000000))
(0.177889 (0.000000 0.000000 0.000000))
(0.180905 (0.000000 0.000000 0.000000))
(0.183920 (0.000000 0.000000 0.000000))
(0.186935 (0.000000 0.000000 0.000000))
(0.189950 (0.000000 0.000000 0.000000))
(0.192965 (0.000000 0.000000 0.000000))
(0.195980 (0.000000 0.000000 0.000000))
(0.198995 (0.000000 0.000000 0.000000))
(0.202010 (0.000000 0.000000 0.000000))
(0.205025 (0.000000 0.000000 0.000000))
(0.208040 (0.000000 0.000000 0.000000))
(0.211055 (0.000000 0.000000 0.000000))
(0.214070 (0.000000 0.000000 0.000000))
(0.217085 (0.000000 0.000000 0.000000))
(0.220101 (0.000000 0.000000 0.000000))
(0.223116 (0.000000 0.000000 0.000000))
(0.226131 (0.000000 0.000000 0.000000))
(0.229146 (0.000000 0.000000 0.000000))
(0.232161 (0.000000 0.000000 0.000000))
(0.235176 (0.000000 0.000000 0.000000))
(0.238191 (0.000000 0.000000 0.000000))
(0.241206 (0.000000 0.000000 0.000000))
(0.244221 (0.000000 0.000000 0.000000))
(0.247236 (0.000000 0.000000 0.000000))
(0.250251 (0.000000 0.000000 0.000000))
(0.253266 (0.000000 0.000000 0.000000))
(0.256281 (0.000000 0.000000 0.000000))
(0.259296 (0.000000 0.000000 0.000000))
(0.262312 (0.000000 0.000000 0.000000))
(0.265327 (0.000000 0.000000 0.000000))
(0.268342 (0.000000 0.000000 0.000000))
(0.271357 (0.000000 0.000000 0.000000))
(0.274372 (0.000000 0.000000 0.000000))
(0.277387 (0.000000 0.000000 0.000000))
(0.280402 (0.000000 0.000000 0.000000))
(0.283417 (0.000000 0.000000 0.000000))
(0.286432 (0.000000 0.000000 0.000000))
(0.289447 (0.000000 0.000000 0.000000))
(0.292462 (0.000000 0.000000 0.000000))
(0.295477 (0.000000 0.000000 0.000000))
(0.298492 (0.000000 0.000000 0.000000))
(0.301508 (0.000000 0.000000 0.000000))
(0.304523 (0.000000 0.000000 0.000000))
(0.307538 (0.000000 0.000000 0.000000))
(0.310553 (0.000000 0.000000 0.000000))
(0.313568 (0.000000 0.000000 0.000000))
(0.316583 (0.000000 0.000000 0.000000))
(0.319598 (0.000000 0.000000 0.000000))
(0.322613 (0.000000 0.000000 0.000000))
(0.325628 (0.000000 0.000000 0.000000))
(0.328643 (0.000000 0.000000 0.000000))
(0.331658 (0.000000 0.000000 0.000000))
(0.334673 (0.000000 0.000000 0.000000))
(0.337688 (0.000000 0.000000 0.000000))
(0.340704 (0.000000 0.000000 0.000000))
(0.343719 (0.000000 0.000000 0.000000))
(0.346734 (0.000000 0.000000 0.000000))
(0.349749 (0.000000 0.000000 0.000000))
(0.352764 (0.000000 0.000000 0.000000))
(0.355779 (0.000000 0.000000 0.000000))
(0.358794 (0.000000 0.000000 0.000000))
(0.361809 (0.000000 0.000000 0.000000))
(0.364824 (0.000000 0.000000 0.000000))
(0.367839 (0.000000 0.000000 0.000000))
(0.370854 (0.000000 0.000000 0.000000))
(0.373869 (0.000000 0.000000 0.000000))
(0.376884 (0.000000 0.000000 0.000000))
(0.379899 (0.000000 0.000000 0.000000))
(0.382915 (0.000000 0.000000 0.000000))
(0.385930 (0.000000 0.000000 0.000000))
(0.388945 (0.000000 0.000000 0.000000))
(0.391960 (0.000000 0.000000 0.000000))
(0.394975 (0.000000 0.000000 0.000000))
(0.397990 (0.000000 0.000000 0.000000))
(0.401005 (0.000000 0.000000 0.000000))
(0.404020 (0.000000 0.000000 0.000000))
(0.407035 (0.000000 0.000000 0.000000))
(0.410050 (0.000000 0.000000 0.000000))
(0.413065 (0.000000 0.000000 0.000000))
(0.416080 (0.000000 0.000000 0.000000))
(0.419095 (0.000000 0.000000 0.000000))
(0.422111 (0.000000 0.000000 0.000000))
(0.425126 (0.000000 0.000000 0.000000))
(0.428141 (0.000000 0.000000 0.000000))
(0.431156 (0.000000 0.000000 0.000000))
(0.434171 (0.000000 0.000000 0.000000))
(0.437186 (0.000000 0.000000 0.000000))
(0.440201 (0.000000 0.000000 0.000000))
(0.443216 (0.000000 0.000000 0.000000))
(0.446231 (0.000000 0.000000 0.000000))
(0.449246 (0.000000 0.000000 0.000000))
(0.452261 (0.000000 0.000000 0.000000))
(0.455276 (0.000000 0.000000 0.000000))
(0.458291 (0.000000 0.000000 0.000000))
(0.461307 (0.000000 0.000000 0.000000))
(0.464322 (0.000000 0.000000 0.000000))
(0.467337 (0.000000 0.000000 0.000000))
(0.470352 (0.000000 0.000000 0.000000))
(0.473367 (0.000000 0.000000 0.000000))
(0.476382 (0.000000 0.000000 0.000000))
(0.479397 (0.000000 0.000000 0.000000))
(0.482412 (0.000000 0.000000 0.000000))
(0.485427 (0.000000 0.000000 0.000000))
(0.488442 (0.000000 0.000000 0.000000))
(0.491457 (0.000000 0.000000 0.000000))
(0.494472 (0.000000 0.000000 0.000000))
(0.497487 (0.000000 0.000000 0.000000))
(0.500503 (0.000000 0.000000 0.000000))
(0.503518 (0.000000 0.000000 0.000000))
(0.506533 (0.000000 0.000000 0.000000))
(0.509548 (0.000000 0.000000 0.000000))
(0.512563 (0.000000 0.000000 0.000000))
(0.515578 (0.000000 0.000000 0.000000))
(0.518593 (0.000000 0.000000 0.000000))
(0.521608 (0.000000 0.000000 0.000000))
(0.524623 (0.000000 0.000000 0.000000))
(0.527638 (0.000000 0.000000 0.000000))
(0.530653 (0.000000 0.000000 0.000000))
(0.533668 (0.000000 0.000000 0.000000))
(0.536683 (0.000000 0.000000 0.000000))
(0.539698 (0.000000 0.000000 0.000000))
(0.542714 (0.000000 0.000000 0.000000))
(0.545729 (0.000000 0.000000 0.000000))
(0.548744 (0.000000 0.000000 0.000000))
(0.551759 (0.000000 0.000000 0.000000))
(0.554774 (0.000000 0.000000 0.000000))
(0.557789 (0.000000 0.000000 0.000000))
(0.560804 (0.000000 0.000000 0.000000))
(0.563819 (0.000000 0.000000 0.000000))
(0.566834 (0.000000 0.000000 0.000000))
(0.569849 (0.000000 0.000000 0.000000))
(0.572864 (0.000000 0.000000 0.000000))
(0.575879 (0.000000 0.000000 0.000000))
(0.578894 (0.000000 0.000000 0.000000))
(0.581910 (0.000000 0.000000 0.000000))
(0.584925 (0.000000 0.000000 0.000000))
(0.587940 (0.000000 0.000000 0.000000))
(0.590955 (0.000000 0.000000 0.000000))
(0.593970 (0.000000 0.000000 0.000000))
(0.596985 (0.000000 0.000000 0.000000))
(0.600000 (0.000000 0.000000 0.000000))
)
